./image/bollard/1.jpg 70,10,124,186,79 147,5,182,183,79 
./image/bollard/1_h.jpg 141,10,195,186,79 83,5,118,183,79 
./image/bollard/10.jpg 48,6,87,192,79 160,6,197,191,79 
./image/bollard/10_h.jpg 127,6,166,192,79 17,6,54,191,79 
./image/bollard/11.jpg 130,40,149,117,79 230,59,266,187,79 
./image/bollard/11_h.jpg 205,40,224,117,79 88,59,124,187,79 
./image/bollard/129.jpg 6,20,27,181,79 41,20,61,181,79 76,20,96,182,79 105,63,123,178,79 139,63,157,176,79 172,63,190,177,79 
./image/bollard/129_h.jpg 173,20,193,181,79 138,20,158,181,79 104,20,123,182,79 76,63,94,178,79 42,63,61,176,79 9,63,27,177,79 
./image/bollard/134.jpg 36,51,63,185,79 
./image/bollard/134_h.jpg 137,51,164,185,79 
./image/bollard/135.jpg 14,45,32,150,79 46,44,64,138,79 75,44,90,146,79 107,44,122,140,79 139,105,154,191,79 167,105,183,194,79 138,5,152,98,79 169,6,184,98,79 
./image/bollard/135_h.jpg 168,45,185,150,79 136,44,153,138,79 110,44,125,146,79 77,44,92,140,79 45,105,60,191,79 16,105,32,194,79 47,5,62,98,79 16,6,31,98,79 
./image/bollard/138.jpg 66,62,87,178,79 
./image/bollard/138_h.jpg 112,62,134,178,79 
./image/bollard/142.jpg 56,26,79,148,79 128,26,150,148,79 
./image/bollard/142_h.jpg 121,26,143,148,79 49,26,72,148,79 
./image/bollard/147.jpg 103,3,135,144,79 42,6,72,149,79 
./image/bollard/147_h.jpg 35,3,67,144,79 98,6,128,149,79 
./image/bollard/149.jpg 73,26,112,182,79 130,27,165,154,79 
./image/bollard/149_h.jpg 152,26,191,182,79 99,27,134,154,79 
./image/bollard/153.jpg 117,18,155,185,79 53,21,91,187,79 
./image/bollard/153_h.jpg 44,18,82,185,79 108,21,147,187,79 
./image/bollard/156.jpg 67,90,91,198,79 182,45,198,104,79 
./image/bollard/156_h.jpg 174,90,198,198,79 67,45,83,104,79 
./image/bollard/163.jpg 133,59,150,130,79 164,42,175,94,79 
./image/bollard/163_h.jpg 204,59,221,130,79 179,42,190,94,79 
./image/bollard/174.jpg 39,12,72,180,79 121,13,155,180,79 
./image/bollard/174_h.jpg 127,12,160,180,79 44,13,78,180,79 
./image/bollard/175.jpg 35,23,62,171,79 84,20,112,174,79 133,20,161,172,79 
./image/bollard/175_h.jpg 138,23,164,171,79 87,20,115,174,79 39,20,67,172,79 
./image/bollard/176.jpg 50,10,80,178,79 120,11,149,177,79 
./image/bollard/176_h.jpg 119,10,150,178,79 50,11,79,177,79 
./image/bollard/177.jpg 49,12,82,153,79 116,12,150,154,79 
./image/bollard/177_h.jpg 117,12,150,153,79 50,12,83,154,79 
./image/bollard/178.jpg 40,20,63,171,79 88,23,111,168,79 132,24,155,170,79 
./image/bollard/178_h.jpg 137,20,160,171,79 88,23,111,168,79 44,24,68,170,79 
./image/bollard/179.jpg 33,25,59,170,79 87,22,112,172,79 138,24,164,174,79 
./image/bollard/179_h.jpg 141,25,166,170,79 87,22,112,172,79 36,24,62,174,79 
./image/bollard/180.jpg 36,21,66,151,79 84,20,114,151,79 132,22,160,152,79 
./image/bollard/180_h.jpg 133,21,163,151,79 85,20,115,151,79 40,22,67,152,79 
./image/bollard/181.jpg 28,24,61,175,79 82,22,115,172,79 138,26,172,173,79 
./image/bollard/181_h.jpg 139,24,171,175,79 85,22,117,172,79 27,26,61,173,79 
./image/bollard/182.jpg 39,25,68,154,79 86,25,113,154,79 131,26,158,154,79 
./image/bollard/182_h.jpg 132,25,160,154,79 86,25,113,154,79 41,26,69,154,79 
./image/bollard/185.jpg 14,12,48,174,79 
./image/bollard/185_h.jpg 16,12,50,174,79 
./image/bollard/186.jpg 14,50,34,157,79 46,63,65,153,79 75,50,94,154,79 103,50,124,136,79 135,48,153,136,79 168,70,186,154,79 
./image/bollard/186_h.jpg 166,50,185,157,79 134,63,154,153,79 105,50,124,154,79 76,50,97,136,79 46,48,64,136,79 14,70,32,154,79 
./image/bollard/187.jpg 21,8,51,186,79 86,8,116,156,79 144,39,176,186,79 
./image/bollard/187_h.jpg 149,8,178,186,79 84,8,114,156,79 23,39,55,186,79 
./image/bollard/188.jpg 22,16,53,179,79 86,15,115,153,79 147,51,177,181,79 
./image/bollard/188_h.jpg 147,16,177,179,79 84,15,113,153,79 22,51,52,181,79 
./image/bollard/189.jpg 31,6,62,188,79 84,6,114,154,79 139,42,170,187,79 
./image/bollard/189_h.jpg 138,6,168,188,79 85,6,115,154,79 29,42,60,187,79 
./image/bollard/192.jpg 25,23,51,143,79 65,56,92,171,79 112,31,139,169,79 149,31,175,144,79 
./image/bollard/192_h.jpg 148,23,175,143,79 107,56,134,171,79 61,31,87,169,79 24,31,50,144,79 
./image/bollard/227.jpg 53,45,82,165,79 120,42,149,171,79 
./image/bollard/227_h.jpg 117,45,147,165,79 50,42,80,171,79 
./image/bollard/229.jpg 31,38,59,173,79 86,21,113,171,79 141,19,167,146,79 
./image/bollard/229_h.jpg 140,38,168,173,79 86,21,113,171,79 33,19,59,146,79 
./image/bollard/230.jpg 38,14,70,151,79 85,32,115,179,79 131,13,161,174,79 
./image/bollard/230_h.jpg 129,14,161,151,79 85,32,115,179,79 39,13,69,174,79 
./image/bollard/233.jpg 71,47,96,182,79 
./image/bollard/233_h.jpg 103,47,128,182,79 
./image/bollard/234.jpg 52,25,80,152,79 114,23,144,168,79 
./image/bollard/234_h.jpg 119,25,148,152,79 56,23,85,168,79 
./image/bollard/236.jpg 32,31,61,178,79 85,15,115,175,79 134,15,165,148,79 
./image/bollard/236_h.jpg 139,31,168,178,79 85,15,114,175,79 34,15,65,148,79 
./image/bollard/238.jpg 55,19,82,171,79 117,19,144,169,79 
./image/bollard/238_h.jpg 118,19,145,171,79 55,19,82,169,79 
./image/bollard/239.jpg 54,16,80,146,79 117,16,144,145,79 
./image/bollard/239_h.jpg 119,16,146,146,79 55,16,82,145,79 
./image/bollard/240.jpg 46,21,78,174,79 122,21,153,173,79 
./image/bollard/240_h.jpg 121,21,153,174,79 46,21,77,173,79 
./image/bollard/245.jpg 60,33,93,173,79 115,32,146,180,79 
./image/bollard/245_h.jpg 107,33,139,173,79 53,32,84,180,79 
./image/bollard/248.jpg 45,31,66,163,79 89,31,110,163,79 133,31,154,164,79 
./image/bollard/248_h.jpg 133,31,154,163,79 90,31,110,163,79 46,31,66,164,79 
./image/bollard/255.jpg 24,15,54,172,79 86,15,116,147,79 144,50,174,177,79 
./image/bollard/255_h.jpg 145,15,175,172,79 84,15,114,147,79 26,50,55,177,79 
./image/bollard/259.jpg 144,12,176,191,79 202,10,237,191,79 
./image/bollard/259_h.jpg 192,12,224,191,79 131,10,166,191,79 
./image/bollard/264.jpg 51,24,80,151,79 115,22,144,168,79 
./image/bollard/264_h.jpg 119,24,148,151,79 56,22,85,168,79 
./image/bollard/269.jpg 17,20,51,179,79 66,21,100,189,79 
./image/bollard/269_h.jpg 60,20,94,179,79 11,21,45,189,79 
./image/bollard/274.jpg 31,6,66,190,79 132,6,166,192,79 
./image/bollard/274_h.jpg 133,6,169,190,79 33,6,67,192,79 
./image/bollard/28.jpg 37,25,53,114,79 91,24,106,110,79 152,23,167,112,79 
./image/bollard/28_h.jpg 147,25,163,114,79 93,24,109,110,79 33,23,48,112,79 
./image/bollard/282.jpg 45,29,66,175,79 87,29,108,174,79 130,29,152,173,79 
./image/bollard/282_h.jpg 133,29,155,175,79 91,29,112,174,79 48,29,70,173,79 
./image/bollard/283.jpg 56,23,76,175,79 89,22,109,175,79 120,23,140,173,79 
./image/bollard/283_h.jpg 123,23,143,175,79 90,22,110,175,79 59,23,79,173,79 
./image/bollard/285.jpg 57,15,77,147,79 89,15,109,148,79 123,16,142,147,79 
./image/bollard/285_h.jpg 123,15,143,147,79 90,15,110,148,79 58,16,77,147,79 
./image/bollard/295.jpg 48,29,67,171,79 96,29,113,171,79 142,29,160,171,79 
./image/bollard/295_h.jpg 133,29,151,171,79 86,29,103,171,79 40,29,58,171,79 
./image/bollard/298.jpg 127,36,155,148,79 93,26,121,124,79 
./image/bollard/298_h.jpg 109,36,137,148,79 143,26,171,124,79 
./image/bollard/299.jpg 17,12,52,174,79 
./image/bollard/299_h.jpg 13,12,48,174,79 
./image/bollard/3.jpg 107,31,138,172,79 
./image/bollard/3_h.jpg 196,31,227,172,79 
./image/bollard/300.jpg 16,7,48,185,79 82,7,113,156,79 147,36,180,185,79 
./image/bollard/300_h.jpg 152,7,184,185,79 86,7,118,156,79 20,36,53,185,79 
./image/bollard/31.jpg 53,33,68,121,79 102,32,117,118,79 147,34,161,121,79 
./image/bollard/31_h.jpg 131,33,147,121,79 83,32,98,118,79 38,34,52,121,79 
./image/bollard/32.jpg 41,25,56,108,79 97,25,113,113,79 150,24,164,111,79 
./image/bollard/32_h.jpg 143,25,158,108,79 86,25,102,113,79 35,24,50,111,79 
./image/bollard/342.jpg 127,36,155,154,79 93,26,121,126,79 
./image/bollard/342_h.jpg 109,36,137,154,79 143,26,171,126,79 
./image/bollard/36.jpg 23,9,47,152,79 87,11,113,154,79 147,10,171,155,79 
./image/bollard/36_h.jpg 153,9,177,152,79 86,11,112,154,79 28,10,52,155,79 
./image/bollard/360.jpg 40,47,64,172,79 89,47,111,171,79 
./image/bollard/360_h.jpg 136,47,160,172,79 88,47,111,171,79 
./image/bollard/361.jpg 46,49,68,163,79 96,49,118,161,79 147,48,169,162,79 
./image/bollard/361_h.jpg 146,49,168,163,79 96,49,118,161,79 45,48,67,162,79 
./image/bollard/364.jpg 56,63,76,160,79 125,63,146,164,79 
./image/bollard/364_h.jpg 123,63,144,160,79 53,63,74,164,79 
./image/bollard/365.jpg 48,48,67,145,79 125,50,146,164,79 
./image/bollard/365_h.jpg 132,48,152,145,79 53,50,74,164,79 
./image/bollard/369.jpg 66,42,85,142,79 
./image/bollard/369_h.jpg 115,42,133,142,79 
./image/bollard/370.jpg 69,45,90,160,79 106,45,127,160,79 
./image/bollard/370_h.jpg 109,45,130,160,79 72,45,93,160,79 
./image/bollard/371.jpg 64,32,93,193,79 116,30,145,193,79 
./image/bollard/371_h.jpg 105,32,134,193,79 53,30,82,193,79 
./image/bollard/383.jpg 34,22,61,165,79 90,23,118,141,79 141,53,168,166,79 
./image/bollard/383_h.jpg 139,22,166,165,79 82,23,109,141,79 31,53,58,166,79 
./image/bollard/384.jpg 44,34,68,160,79 92,33,117,136,79 140,63,164,162,79 
./image/bollard/384_h.jpg 132,34,155,160,79 82,33,107,136,79 35,63,60,162,79 
./image/bollard/397.jpg 46,42,65,164,79 96,42,114,164,79 147,42,166,166,79 
./image/bollard/397_h.jpg 144,42,163,164,79 95,42,113,164,79 43,42,62,166,79 
./image/bollard/4.jpg 195,14,234,183,79 
./image/bollard/4_h.jpg 213,14,252,183,79 
./image/bollard/400.jpg 88,11,111,168,79 
./image/bollard/400_h.jpg 88,11,111,168,79 
./image/bollard/43.jpg 38,20,60,154,79 88,19,108,156,79 138,18,156,157,79 
./image/bollard/43_h.jpg 140,20,161,154,79 91,19,111,156,79 44,18,62,157,79 
./image/bollard/431.jpg 67,18,90,162,79 110,17,131,167,79 
./image/bollard/431_h.jpg 109,18,133,162,79 68,17,89,167,79 
./image/bollard/440.jpg 86,13,113,183,79 
./image/bollard/440_h.jpg 86,13,114,183,79 
./image/bollard/448.jpg 83,11,114,183,79 
./image/bollard/448_h.jpg 85,11,116,183,79 
./image/bollard/453.jpg 49,6,78,143,79 124,8,154,141,79 
./image/bollard/453_h.jpg 121,6,150,143,79 45,8,75,141,79 
./image/bollard/455.jpg 85,10,118,188,79 
./image/bollard/455_h.jpg 81,10,114,188,79 
./image/bollard/456.jpg 32,9,66,195,79 129,8,162,198,79 
./image/bollard/456_h.jpg 134,9,167,195,79 37,8,70,198,79 
./image/bollard/457.jpg 31,25,59,170,79 83,25,112,145,79 135,54,163,168,79 
./image/bollard/457_h.jpg 141,25,168,170,79 88,25,116,145,79 36,54,64,168,79 
./image/bollard/458.jpg 36,24,66,173,79 87,24,116,148,79 138,45,168,171,79 
./image/bollard/458_h.jpg 134,24,163,173,79 83,24,113,148,79 32,45,61,171,79 
./image/bollard/459.jpg 84,6,117,182,79 
./image/bollard/459_h.jpg 82,6,115,182,79 
./image/bollard/46.jpg 73,27,112,187,79 130,27,166,155,79 
./image/bollard/46_h.jpg 152,27,191,187,79 98,27,134,155,79 
./image/bollard/460.jpg 83,7,117,153,79 
./image/bollard/460_h.jpg 83,7,117,153,79 
./image/bollard/462.jpg 16,30,35,122,79 68,30,87,121,79 116,31,133,118,79 164,32,182,118,79 
./image/bollard/462_h.jpg 164,30,183,122,79 113,30,131,121,79 66,31,83,118,79 17,32,36,118,79 
./image/bollard/464.jpg 116,27,137,119,79 
./image/bollard/464_h.jpg 63,27,83,119,79 
./image/bollard/475.jpg 84,14,111,171,79 
./image/bollard/475_h.jpg 88,14,116,171,79 
./image/bollard/476.jpg 86,17,115,173,79 
./image/bollard/476_h.jpg 85,17,113,173,79 
./image/bollard/48.jpg 68,49,91,171,79 109,46,132,170,79 
./image/bollard/48_h.jpg 109,49,131,171,79 68,46,91,170,79 
./image/bollard/480.jpg 90,6,125,188,79 
./image/bollard/480_h.jpg 222,6,257,188,79 
./image/bollard/483.jpg 43,45,63,155,79 90,45,110,153,79 139,45,159,156,79 
./image/bollard/483_h.jpg 139,45,159,155,79 92,45,112,153,79 43,45,63,156,79 
./image/bollard/487.jpg 85,13,115,179,79 
./image/bollard/487_h.jpg 85,13,114,179,79 
./image/bollard/493.jpg 55,5,91,195,79 159,5,194,197,79 
./image/bollard/493_h.jpg 157,5,193,195,79 54,5,89,197,79 
./image/bollard/500.jpg 34,10,61,162,79 
./image/bollard/500_h.jpg 139,10,166,162,79 
./image/bollard/53.jpg 12,5,40,194,79 
./image/bollard/53_h.jpg 11,5,39,194,79 
./image/bollard/531.jpg 44,40,61,131,79 93,41,111,132,79 138,41,155,135,79 
./image/bollard/531_h.jpg 140,40,157,131,79 90,41,108,132,79 46,41,63,135,79 
./image/bollard/54.jpg 78,5,91,93,79 45,6,56,92,79 10,6,22,92,79 10,109,24,187,79 44,110,59,187,79 80,109,94,187,79 106,109,120,188,79 140,109,154,189,79 174,110,187,189,79 107,5,120,73,79 143,5,155,72,79 175,5,187,73,79 
./image/bollard/54_h.jpg 109,5,122,93,79 144,6,155,92,79 178,6,190,92,79 176,109,190,187,79 141,110,156,187,79 106,109,120,187,79 80,109,94,188,79 46,109,60,189,79 13,110,26,189,79 80,5,93,73,79 45,5,57,72,79 13,5,25,73,79 
./image/bollard/546.jpg 55,61,68,134,79 78,60,90,133,79 
./image/bollard/546_h.jpg 81,61,94,134,79 59,60,71,133,79 
./image/bollard/547.jpg 52,54,66,125,79 87,53,102,125,79 
./image/bollard/547_h.jpg 83,54,97,125,79 47,53,62,125,79 
./image/bollard/550.jpg 88,21,111,178,79 
./image/bollard/550_h.jpg 88,21,111,178,79 
./image/bollard/551.jpg 88,19,112,179,79 
./image/bollard/551_h.jpg 88,19,111,179,79 
./image/bollard/552.jpg 87,56,110,185,79 
./image/bollard/552_h.jpg 89,56,112,185,79 
./image/bollard/553.jpg 11,24,32,163,79 107,24,128,168,79 
./image/bollard/553_h.jpg 168,24,188,163,79 71,24,92,168,79 
./image/bollard/558.jpg 25,13,45,145,79 68,13,87,144,79 109,51,129,175,79 148,52,167,176,79 
./image/bollard/558_h.jpg 154,13,175,145,79 112,13,131,144,79 71,51,91,175,79 32,52,52,176,79 
./image/bollard/559.jpg 38,26,56,137,79 152,25,171,133,79 
./image/bollard/559_h.jpg 144,26,162,137,79 29,25,47,133,79 
./image/bollard/560.jpg 88,20,111,177,79 
./image/bollard/560_h.jpg 88,20,111,177,79 
./image/bollard/561.jpg 26,31,41,126,79 154,35,169,131,79 91,33,107,129,79 
./image/bollard/561_h.jpg 158,31,173,126,79 31,35,45,131,79 92,33,108,129,79 
./image/bollard/562.jpg 58,101,76,197,79 90,99,108,197,79 
./image/bollard/562_h.jpg 90,101,108,197,79 58,99,76,197,79 
./image/bollard/564.jpg 35,42,48,139,79 92,41,106,136,79 148,42,161,139,79 
./image/bollard/564_h.jpg 152,42,165,139,79 93,41,107,136,79 39,42,52,139,79 
./image/bollard/565.jpg 88,57,111,186,79 
./image/bollard/565_h.jpg 88,57,112,186,79 
./image/bollard/566.jpg 89,21,111,178,79 
./image/bollard/566_h.jpg 89,21,111,178,79 
./image/bollard/567.jpg 88,20,111,176,79 
./image/bollard/567_h.jpg 88,20,111,176,79 
./image/bollard/568.jpg 88,21,111,153,79 
./image/bollard/568_h.jpg 89,21,111,153,79 
./image/bollard/569.jpg 88,20,111,146,79 
./image/bollard/569_h.jpg 88,20,111,146,79 
./image/bollard/569.jpg 56,27,79,148,79 129,27,150,145,79 
./image/bollard/569_h.jpg 121,27,143,148,79 50,27,71,145,79 
./image/bollard/570.jpg 31,37,44,120,79 90,39,104,123,79 150,39,163,121,79 
./image/bollard/570_h.jpg 155,37,168,120,79 95,39,109,123,79 37,39,49,121,79 
./image/bollard/571.jpg 90,19,112,181,79 
./image/bollard/571_h.jpg 87,19,110,181,79 
./image/bollard/572.jpg 33,50,50,150,79 57,50,76,150,79 102,61,117,146,79 
./image/bollard/572_h.jpg 99,50,116,150,79 73,50,92,150,79 32,61,47,146,79 
./image/bollard/573.jpg 87,56,111,183,79 
./image/bollard/573_h.jpg 88,56,112,183,79 
./image/bollard/574.jpg 88,21,111,178,79 
./image/bollard/574_h.jpg 88,21,111,178,79 
./image/bollard/575.jpg 89,20,111,153,79 
./image/bollard/575_h.jpg 88,20,111,153,79 
./image/bollard/576.jpg 39,21,62,167,79 89,22,112,167,79 139,22,162,166,79 
./image/bollard/576_h.jpg 137,21,160,167,79 87,22,110,167,79 37,22,60,166,79 
./image/bollard/590.jpg 47,54,62,139,79 87,54,102,142,79 
./image/bollard/590_h.jpg 87,54,102,139,79 47,54,62,142,79 
./image/bollard/595.jpg 42,21,60,171,79 91,20,111,173,79 142,20,161,173,79 
./image/bollard/595_h.jpg 140,21,158,171,79 89,20,108,173,79 38,20,57,173,79 
./image/bollard/597.jpg 88,21,111,153,79 
./image/bollard/597_h.jpg 89,21,111,153,79 
./image/bollard/598.jpg 84,9,113,154,79 
./image/bollard/598_h.jpg 86,9,115,154,79 
./image/bollard/599.jpg 89,21,111,155,79 
./image/bollard/599_h.jpg 88,21,111,155,79 
./image/bollard/600.jpg 80,100,97,196,79 113,98,130,196,79 
./image/bollard/600_h.jpg 113,100,130,196,79 80,98,97,196,79 
./image/bollard/61.jpg 126,30,155,145,79 95,18,121,117,79 
./image/bollard/61_h.jpg 109,30,138,145,79 143,18,169,117,79 
./image/bollard/62.jpg 223,28,250,179,79 280,26,307,154,79 329,60,356,178,79 
./image/bollard/62_h.jpg 145,28,172,179,79 88,26,115,154,79 39,60,66,178,79 
./image/bollard/636.jpg 209,79,221,137,79 265,65,276,114,79 
./image/bollard/636_h.jpg 133,79,145,137,79 78,65,89,114,79 
./image/bollard/637.jpg 83,8,113,152,79 
./image/bollard/637_h.jpg 86,8,117,152,79 
./image/bollard/638.jpg 34,21,67,164,79 98,21,130,165,79 
./image/bollard/638_h.jpg 133,21,165,164,79 69,21,101,165,79 
./image/bollard/639.jpg 83,21,115,166,79 
./image/bollard/639_h.jpg 84,21,116,166,79 
./image/bollard/642.jpg 73,30,91,161,79 34,55,52,157,79 111,30,130,132,79 145,55,163,157,79 
./image/bollard/642_h.jpg 108,30,126,161,79 147,55,165,157,79 69,30,88,132,79 36,55,54,157,79 
./image/bollard/644.jpg 92,43,107,128,79 133,43,149,129,79 45,42,62,131,79 
./image/bollard/644_h.jpg 92,43,108,128,79 50,43,66,129,79 137,42,155,131,79 
./image/bollard/646.jpg 82,32,98,130,79 138,31,153,126,79 
./image/bollard/646_h.jpg 102,32,117,130,79 47,31,61,126,79 
./image/bollard/647.jpg 94,30,120,170,79 
./image/bollard/647_h.jpg 80,30,105,170,79 
./image/bollard/647.jpg 41,48,66,183,79 90,47,114,162,79 136,76,161,188,79 
./image/bollard/647_h.jpg 134,48,158,183,79 86,47,110,162,79 38,76,63,188,79 
./image/bollard/648.jpg 12,8,44,167,79 
./image/bollard/648_h.jpg 156,8,188,167,79 
./image/bollard/649.jpg 28,32,41,111,79 90,30,103,110,79 
./image/bollard/649_h.jpg 159,32,171,111,79 97,30,110,110,79 
./image/bollard/653.jpg 40,35,67,185,79 90,33,119,185,79 
./image/bollard/653_h.jpg 88,35,115,185,79 36,33,65,185,79 
./image/bollard/656.jpg 189,47,210,159,79 139,47,160,158,79 241,46,262,159,79 
./image/bollard/656_h.jpg 189,47,210,159,79 239,47,260,158,79 138,46,159,159,79 
./image/bollard/659.jpg 62,11,87,141,79 104,12,137,169,79 
./image/bollard/659_h.jpg 112,11,138,141,79 62,12,95,169,79 
./image/bollard/660.jpg 36,23,62,171,79 85,21,112,172,79 133,20,162,166,79 
./image/bollard/660_h.jpg 138,23,164,171,79 88,21,115,172,79 37,20,66,166,79 
./image/bollard/661.jpg 40,13,72,173,79 122,14,155,179,79 
./image/bollard/661_h.jpg 128,13,159,173,79 45,14,78,179,79 
./image/bollard/662.jpg 29,24,61,177,79 83,23,116,174,79 138,27,171,171,79 
./image/bollard/662_h.jpg 138,24,171,177,79 83,23,116,174,79 28,27,61,171,79 
./image/bollard/663.jpg 37,21,66,150,79 85,20,114,150,79 132,22,160,148,79 
./image/bollard/663_h.jpg 133,21,162,150,79 85,20,115,150,79 40,22,67,148,79 
./image/bollard/664.jpg 51,11,80,177,79 121,12,149,176,79 
./image/bollard/664_h.jpg 120,11,148,177,79 50,12,78,176,79 
./image/bollard/665.jpg 56,22,82,166,79 
./image/bollard/665_h.jpg 118,22,144,166,79 
./image/bollard/665.jpg 50,13,81,149,79 117,13,149,151,79 
./image/bollard/665_h.jpg 119,13,149,149,79 50,13,83,151,79 
./image/bollard/666.jpg 40,25,68,152,79 86,26,112,150,79 131,26,159,152,79 
./image/bollard/666_h.jpg 132,25,160,152,79 87,26,113,150,79 41,26,68,152,79 
./image/bollard/667.jpg 55,9,81,139,79 117,6,144,136,79 
./image/bollard/667_h.jpg 118,9,145,139,79 56,6,83,136,79 
./image/bollard/667.jpg 34,26,58,166,79 88,23,112,168,79 138,25,164,170,79 
./image/bollard/667_h.jpg 141,26,166,166,79 88,23,112,168,79 35,25,61,170,79 
./image/bollard/668.jpg 40,20,62,168,79 132,25,155,166,79 88,24,111,164,79 
./image/bollard/668_h.jpg 137,20,159,168,79 45,25,67,166,79 89,24,111,164,79 
./image/bollard/669.jpg 62,53,83,176,79 114,53,135,178,79 
./image/bollard/669_h.jpg 116,53,138,176,79 65,53,85,178,79 
./image/bollard/671.jpg 52,7,82,146,79 128,5,155,138,79 
./image/bollard/671_h.jpg 117,7,147,146,79 44,5,72,138,79 
./image/bollard/683.jpg 38,10,66,154,79 89,10,118,153,79 
./image/bollard/683_h.jpg 133,10,161,154,79 81,10,110,153,79 
./image/bollard/684.jpg 111,51,133,183,79 158,51,179,184,79 11,10,34,152,79 60,9,80,148,79 
./image/bollard/684_h.jpg 67,51,88,183,79 20,51,41,184,79 166,10,188,152,79 120,9,139,148,79 
./image/bollard/684.jpg 40,53,65,186,79 87,54,111,166,79 131,81,155,189,79 
./image/bollard/684_h.jpg 135,53,160,186,79 88,54,112,166,79 44,81,68,189,79 
./image/bollard/685.jpg 45,43,62,155,79 91,43,106,157,79 136,43,152,157,79 
./image/bollard/685_h.jpg 138,43,154,155,79 93,43,108,157,79 48,43,63,157,79 
./image/bollard/686.jpg 84,6,114,147,79 
./image/bollard/686_h.jpg 85,6,115,147,79 
./image/bollard/686.jpg 56,17,82,145,79 121,16,148,147,79 
./image/bollard/686_h.jpg 118,17,144,145,79 51,16,78,147,79 
./image/bollard/687.jpg 48,20,78,173,79 124,21,154,173,79 
./image/bollard/687_h.jpg 122,20,152,173,79 45,21,75,173,79 
./image/bollard/688.jpg 52,16,79,176,79 118,17,144,181,79 
./image/bollard/688_h.jpg 121,16,148,176,79 55,17,81,181,79 
./image/bollard/689.jpg 85,5,113,151,79 
./image/bollard/689_h.jpg 86,5,114,151,79 
./image/bollard/690.jpg 57,37,83,158,79 116,37,141,158,79 
./image/bollard/690_h.jpg 117,37,142,158,79 58,37,83,158,79 
./image/bollard/691.jpg 63,36,85,136,79 108,35,130,136,79 
./image/bollard/691_h.jpg 115,36,137,136,79 70,35,92,136,79 
./image/bollard/692.jpg 55,36,80,158,79 116,38,141,160,79 
./image/bollard/692_h.jpg 120,36,144,158,79 58,38,83,160,79 
./image/bollard/695.jpg 112,12,138,149,79 158,11,184,149,79 
./image/bollard/695_h.jpg 149,12,175,149,79 103,11,129,149,79 
./image/bollard/697.jpg 50,16,80,177,79 122,17,154,168,79 
./image/bollard/697_h.jpg 120,16,149,177,79 45,17,77,168,79 
./image/bollard/699.jpg 87,16,113,184,79 
./image/bollard/699_h.jpg 87,16,112,184,79 
./image/bollard/700.jpg 85,16,115,183,79 
./image/bollard/700_h.jpg 85,16,115,183,79 
./image/bollard/727.jpg 52,8,79,175,79 117,8,145,177,79 
./image/bollard/727_h.jpg 120,8,148,175,79 55,8,83,177,79 
./image/bollard/731.jpg 46,57,66,168,79 91,57,112,147,79 132,82,154,168,79 
./image/bollard/731_h.jpg 133,57,153,168,79 87,57,108,147,79 45,82,67,168,79 
./image/bollard/74.jpg 30,12,63,165,79 81,12,115,178,79 
./image/bollard/74_h.jpg 136,12,170,165,79 84,12,118,178,79 
./image/bollard/741.jpg 37,27,62,159,79 139,59,162,160,79 89,26,114,138,79 
./image/bollard/741_h.jpg 137,27,162,159,79 37,59,60,160,79 85,26,110,138,79 
./image/bollard/742.jpg 69,37,93,174,79 27,51,55,177,79 109,36,135,152,79 148,36,174,172,79 
./image/bollard/742_h.jpg 106,37,131,174,79 145,51,173,177,79 64,36,90,152,79 25,36,51,172,79 
./image/bollard/743.jpg 113,32,139,164,79 148,31,175,143,79 26,24,51,140,79 66,56,92,168,79 
./image/bollard/743_h.jpg 61,32,87,164,79 24,31,51,143,79 149,24,174,140,79 107,56,134,168,79 
./image/bollard/744.jpg 11,41,31,154,79 43,60,62,155,79 73,38,95,136,79 105,60,128,159,79 142,42,161,157,79 171,42,191,138,79 
./image/bollard/744_h.jpg 168,41,188,154,79 137,60,157,155,79 105,38,126,136,79 71,60,94,159,79 38,42,57,157,79 9,42,28,138,79 
./image/bollard/75.jpg 33,14,63,153,79 78,14,108,153,79 
./image/bollard/75_h.jpg 137,14,166,153,79 91,14,121,153,79 
./image/bollard/76.jpg 108,26,134,175,79 
./image/bollard/76_h.jpg 65,26,91,175,79 
./image/bollard/762.jpg 84,20,112,172,79 136,19,166,171,79 31,21,60,171,79 
./image/bollard/762_h.jpg 88,20,116,172,79 34,19,63,171,79 139,21,169,171,79 
./image/bollard/765.jpg 68,21,92,164,79 112,20,135,165,79 20,20,45,162,79 153,21,178,163,79 
./image/bollard/765_h.jpg 108,21,132,164,79 64,20,87,165,79 154,20,180,162,79 22,21,46,163,79 
./image/bollard/766.jpg 88,18,110,171,79 133,19,156,171,79 42,18,65,166,79 
./image/bollard/766_h.jpg 89,18,111,171,79 43,19,67,171,79 135,18,157,166,79 
./image/bollard/77.jpg 115,28,136,177,79 78,30,99,171,79 
./image/bollard/77_h.jpg 63,28,85,177,79 100,30,121,171,79 
./image/bollard/779.jpg 58,40,81,153,79 111,40,134,154,79 
./image/bollard/779_h.jpg 118,40,141,153,79 65,40,88,154,79 
./image/bollard/78.jpg 57,28,89,170,79 114,26,146,176,79 
./image/bollard/78_h.jpg 110,28,142,170,79 53,26,86,176,79 
./image/bollard/780.jpg 54,31,77,159,79 114,30,138,161,79 
./image/bollard/780_h.jpg 123,31,146,159,79 62,30,85,161,79 
./image/bollard/781.jpg 83,17,115,171,79 
./image/bollard/781_h.jpg 84,17,116,171,79 
./image/bollard/782.jpg 81,13,114,172,79 
./image/bollard/782_h.jpg 86,13,118,172,79 
./image/bollard/786.jpg 68,27,92,165,79 111,26,135,169,79 154,29,179,167,79 20,28,45,166,79 
./image/bollard/786_h.jpg 107,27,132,165,79 65,26,89,169,79 20,29,46,167,79 155,28,180,166,79 
./image/bollard/787.jpg 33,17,61,173,79 84,16,112,171,79 135,18,163,173,79 
./image/bollard/787_h.jpg 138,17,167,173,79 88,16,116,171,79 37,18,65,173,79 
./image/bollard/789.jpg 67,21,92,168,79 112,22,135,165,79 154,22,178,163,79 20,23,44,166,79 
./image/bollard/789_h.jpg 107,21,132,168,79 65,22,87,165,79 21,22,45,163,79 155,23,179,166,79 
./image/bollard/79.jpg 53,22,75,126,79 127,20,149,128,79 
./image/bollard/79_h.jpg 124,22,146,126,79 50,20,72,128,79 
./image/bollard/790.jpg 41,19,64,171,79 88,18,111,171,79 135,20,158,171,79 
./image/bollard/790_h.jpg 135,19,159,171,79 88,18,112,171,79 41,20,65,171,79 
./image/bollard/790.jpg 86,15,117,182,79 
./image/bollard/790_h.jpg 83,15,113,182,79 
./image/bollard/792.jpg 29,15,47,157,79 81,16,99,148,79 141,16,158,148,79 
./image/bollard/792_h.jpg 152,15,171,157,79 100,16,118,148,79 41,16,58,148,79 
./image/bollard/795.jpg 21,22,45,146,79 68,21,93,146,79 112,20,136,147,79 154,22,179,147,79 
./image/bollard/795_h.jpg 155,22,179,146,79 106,21,132,146,79 64,20,88,147,79 20,22,45,147,79 
./image/bollard/796.jpg 86,14,112,143,79 
./image/bollard/796_h.jpg 87,14,113,143,79 
./image/bollard/799.jpg 31,53,47,160,79 85,54,102,146,79 132,49,148,138,79 
./image/bollard/799_h.jpg 153,53,169,160,79 98,54,114,146,79 52,49,68,138,79 
./image/bollard/8.jpg 84,13,118,183,79 
./image/bollard/8_h.jpg 82,13,116,183,79 
./image/bollard/800.jpg 28,56,45,167,79 86,64,102,156,79 138,55,155,146,79 
./image/bollard/800_h.jpg 155,56,171,167,79 98,64,113,156,79 44,55,61,146,79 
./image/bollard/830.jpg 90,20,110,179,79 
./image/bollard/830_h.jpg 90,20,109,179,79 
./image/bollard/832.jpg 20,20,44,144,79 68,20,93,148,79 113,21,135,146,79 154,21,179,146,79 
./image/bollard/832_h.jpg 155,20,179,144,79 106,20,131,148,79 64,21,87,146,79 21,21,45,146,79 
./image/bollard/833.jpg 36,19,62,147,79 89,18,113,146,79 139,20,163,146,79 
./image/bollard/833_h.jpg 137,19,163,147,79 87,18,111,146,79 36,20,61,146,79 
./image/bollard/859.jpg 35,38,63,157,79 
./image/bollard/859_h.jpg 86,38,114,157,79 
./image/bollard/86.jpg 112,13,144,177,79 
./image/bollard/86_h.jpg 110,13,142,177,79 
./image/bollard/874.jpg 89,20,113,148,79 139,19,163,144,79 37,19,62,148,79 
./image/bollard/874_h.jpg 86,20,111,148,79 36,19,61,144,79 137,19,163,148,79 
./image/bollard/875.jpg 111,99,127,194,79 79,101,96,193,79 
./image/bollard/875_h.jpg 75,99,91,194,79 106,101,123,193,79 
./image/bollard/886.jpg 84,10,106,117,79 
./image/bollard/886_h.jpg 165,10,187,117,79 
./image/bollard/891.jpg 90,33,113,164,79 156,31,179,160,79 
./image/bollard/891_h.jpg 155,33,178,164,79 89,31,112,160,79 
./image/bollard/897.jpg 76,23,106,182,79 162,24,192,182,79 
./image/bollard/897_h.jpg 435,23,465,182,79 349,24,379,182,79 
./image/bollard/899.jpg 66,24,90,153,79 110,22,134,153,79 
./image/bollard/899_h.jpg 110,24,133,153,79 66,22,90,153,79 
./image/bollard/900.jpg 16,6,40,170,79 
./image/bollard/900_h.jpg 159,6,183,170,79 
./image/bollard/901.jpg 9,12,33,143,79 48,8,71,150,79 
./image/bollard/901_h.jpg 167,12,191,143,79 129,8,152,150,79 
./image/bollard/905.jpg 45,30,65,127,79 81,30,102,133,79 
./image/bollard/905_h.jpg 134,30,155,127,79 97,30,118,133,79 
./image/bollard/93.jpg 112,52,138,188,79 58,52,84,187,79 
./image/bollard/93_h.jpg 61,52,88,188,79 115,52,141,187,79 
./image/bollard/99.jpg 16,11,43,189,79 
./image/bollard/99_h.jpg 18,11,45,189,79

